rx11cr0025  52.19498  1247  3.00  4.00  5.00  6.00  7.00  8.00  9.00  10.00  11714.44  15917.65  19373.4  22439.11  25509.53  28490.09  31763.76  35151.75  28.30754  50.70175  78.86596  112.8912  154.6431  200.943  255.075  314.1273
rx11cr0025  52.59679  1245  3.00  4.00  5.00  6.00  7.00  8.00  9.00  10.00  11465.78  15631.38  19119.94  22259.  25185.05  28264.51  31457.42  34894.55  28.62481  50.51451  78.73504  113.558  153.9464  201.5626  254.5578  314.4564
rx11cr0025  53.04192  1121  3.00  4.00  5.00  6.00  7.00  8.00  9.00  10.00  3840.888  5722.835  7682.57  9796.159  12203.42  14790.84  17822.09  21112.83  28.28239  50.71447  78.85765  112.8523  154.6742  200.9134  255.1017  314.0931
rx11cr0025  53.00439  1137  3.00  4.00  5.00  6.00  7.00  8.00  9.00  10.00  4212.118  6325.915  8574.89  10970.19  13553.54  16348.03  19493.93  22963.08  28.46236  50.49566  78.81014  113.2931  154.3035  201.1294  254.8675  314.4447
rx11cr0025  57.14106  1192  3.00  4.00  5.00  6.00  7.00  8.00  9.00  10.00  108829.3  141140.9  162869.3  177059.2  187148.9  195034.4  201539.  207450.1  28.50219  50.34677  78.82854  113.5169  154.1445  201.2605  254.6237  314.5188
rx11cr0025  57.89414  1228  3.00  4.00  5.00  6.00  7.00  8.00  9.00  10.00  106696.  139924.8  162053.4  176723.1  187326.4  195255.4  201899.2  207724.1  28.39984  50.58087  78.83772  113.0767  154.4091  201.1416  254.8506  314.3316
rx11cr0026  52.47394  1247  3.00  4.00  5.00  6.00  7.00  8.00  9.00  10.00  9502.33  13936.7  17935.5  21521.92  24772.33  28031.12  31400.16  34967.96  28.52779  50.42727  78.77545  113.5843  154.0221  201.3511  254.546  314.5574
rx11cr0026  53.7319  1257  3.00  4.00  5.00  6.00  7.00  8.00  9.00  10.00  9154.635  13525.15  17441.17  20919.23  24244.36  27485.25  30846.98  34377.14  28.42982  50.55964  78.83211  113.1378  154.3967  201.0963  254.8757  314.3773
rx11cr0026  53.69748  1081  3.00  4.00  5.00  6.00  7.00  8.00  9.00  10.00  3318.901  5211.284  7282.353  9539.935  11963.7  14691.47  17733.  21189.1  28.54856  50.44749  78.75182  113.6136  153.9685  201.4084  254.4969  314.5904
rx11cr0026  54.15701  1121  3.00  4.00  5.00  6.00  7.00  8.00  9.00  10.00  3577.358  5741.959  8051.242  10514.61  13201.86  16074.72  19324.04  22909.47  28.39626  50.63872  78.8479  113.196  154.5217  201.0412  254.9604  314.3922
rx11cr0026  59.18752  1215  3.00  4.00  5.00  6.00  7.00  8.00  9.00  10.00  85184.48  120542.5  147423.4  166390.6  179818.5  189779.4  197834.8  204648.8  28.48506  50.48016  78.8177  113.3294  154.2802  201.1642  254.8316  314.4455
rx11cr0026  57.3054  1231  3.00  4.00  5.00  6.00  7.00  8.00  9.00  10.00  81604.7  117014.3  143772.1  162735.2  176708.4  186628.  194788.8  201627.7  28.3186  50.6963  78.85559  112.8978  154.6279  200.9557  255.0593  314.1394
rx11cr0027  52.69379  1241  3.00  4.00  5.00  6.00  7.00  8.00  9.00  10.00  10102.17  14421.32  18214.42  21670.32  24867.5  28168.68  31500.28  35074.45  28.70271  50.46837  78.67614  113.6059  153.82  201.6727  254.5256  314.4779
rx11cr0027  53.78017  1251  3.00  4.00  5.00  6.00  7.00  8.00  9.00  10.00  9971.214  14291.79  18119.17  21525.97  24769.  27957.78  31334.83  34892.88  28.47884  50.40088  78.82175  113.4084  154.2656  201.2018  254.7333  314.438
rx11cr0027  54.54027  1105  3.00  4.00  5.00  6.00  7.00  8.00  9.00  10.00  3529.096  5449.072  7494.743  9717.856  12182.22  14858.8  17872.95  21276.13  28.48867  50.57677  78.79656  113.3596  154.1806  201.2872  254.7434  314.5315
rx11cr0027  54.65973  1095  3.00  4.00  5.00  6.00  7.00  8.00  9.00  10.00  3689.694  5775.111  8015.562  10432.31  13032.75  15867.48  19048.52  22644.99  28.5112  50.46095  78.81705  113.4349  154.1813  201.2522  254.7204  314.4441
rx11cr0027  58.97275  1211  3.00  4.00  5.00  6.00  7.00  8.00  9.00  10.00  91043.35  124672.3  149778.5  167822.3  180608.  190570.6  198455.7  205359.7  28.66489  50.5069  78.72598  113.5599  153.8946  201.6547  254.5417  314.4524
rx11cr0027  58.39194  1217  3.00  4.00  5.00  6.00  7.00  8.00  9.00  10.00  90688.87  124879.  150473.3  168919.6  181867.7  192048.  200073.2  207130.4  28.63022  50.46198  78.68555  113.6576  153.8553  201.5315  254.5314  314.5253
rx11cr0028  53.96772  1239  3.00  4.00  5.00  6.00  7.00  8.00  9.00  10.00  11203.85  15470.71  19112.51  22427.  25589.48  28869.84  32170.76  35720.96  28.61891  50.46028  78.69384  113.6562  153.8651  201.5169  254.5285  314.5358
rx11cr0028  53.75062  1239  3.00  4.00  5.00  6.00  7.00  8.00  9.00  10.00  10998.73  15469.21  19203.47  22420.68  25606.9  28718.92  32100.95  35648.81  28.38239  50.48829  79.04696  113.2344  154.5458  200.77  254.9703  314.6234
rx11cr0028  54.55175  1096  3.00  4.00  5.00  6.00  7.00  8.00  9.00  10.00  3759.2  5637.232  7638.982  9859.039  12247.89  14974.73  17996.84  21449.14  28.63614  50.53182  78.7307  113.5298  153.9478  201.7002  254.5  314.3781
rx11cr0028  54.97057  1130  3.00  4.00  5.00  6.00  7.00  8.00  9.00  10.00  3841.398  5891.581  8118.202  10498.98  13125.36  16004.02  19216.37  22839.4  28.46663  50.43295  78.80283  113.3185  154.3035  201.2297  254.7236  314.4455
rx11cr0028  59.22462  1202  3.00  4.00  5.00  6.00  7.00  8.00  9.00  10.00  102304.9  135941.3  159107.  174765.6  186041.  194494.2  201589.3  207838.7  28.44042  50.48557  78.81467  113.1862  154.3699  201.2185  254.7686  314.4003
rx11cr0028  58.37232  1214  3.00  4.00  5.00  6.00  7.00  8.00  9.00  10.00  102700.1  137492.8  161905.6  178474.3  190107.  199084.7  206252.3  212628.3  28.6475  50.54041  78.75452  113.4892  154.0079  201.573  254.5462  314.4065
rx11cr0029  53.76271  1239  3.00  4.00  5.00  6.00  7.00  8.00  9.00  10.00  9443.717  13812.08  17714.68  21285.23  24688.19  28050.23  31553.81  35197.85  28.48128  50.52005  78.82539  113.3293  154.2134  201.1971  254.8571  314.5126
rx11cr0029  54.77974  1244  3.00  4.00  5.00  6.00  7.00  8.00  9.00  10.00  9250.237  13633.83  17631.94  21122.63  24515.8  27763.97  31295.72  34954.81  28.38641  50.43014  79.11526  113.2394  154.55  200.7026  254.9762  314.6932
rx11cr0029  54.80363  1100  3.00  4.00  5.00  6.00  7.00  8.00  9.00  10.00  3172.089  5030.023  7064.593  9269.482  11793.18  14505.99  17654.17  21150.78  28.33607  50.67519  78.85432  112.9483  154.5696  201.0164  254.9907  314.1914
rx11cr0029  55.37003  1108  3.00  4.00  5.00  6.00  7.00  8.00  9.00  10.00  3262.61  5271.123  7450.214  9824.328  12499.21  15381.1  18671.55  22324.85  28.4141  50.62806  78.83708  113.2203  154.486  201.1062  254.9209  314.3891
rx11cr0029  60.93518  1229  3.00  4.00  5.00  6.00  7.00  8.00  9.00  10.00  83771.91  118108.7  143979.9  162701.7  176888.8  187288.4  195953.6  203246.  28.32409  50.6893  78.85591  112.9126  154.6102  200.9745  255.0385  314.1546
rx11cr0029  59.93961  1241  3.00  4.00  5.00  6.00  7.00  8.00  9.00  10.00  82878.56  116756.6  143143.4  162313.2  176280.8  187009.6  195603.3  202969.3  28.59144  50.48238  78.81063  113.4545  154.1257  201.3697  254.6567  314.3971
rx11cr0030  58.31169  1232  3.00  4.00  5.00  6.00  7.00  8.00  9.00  10.00  10283.05  14518.6  18198.78  21543.59  24849.79  28258.36  31887.07  35720.78  28.57335  50.5549  78.85661  113.2321  154.2874  201.3462  254.8227  314.3843
rx11cr0030  59.79664  1249  3.00  4.00  5.00  6.00  7.00  8.00  9.00  10.00  9853.294  14174.77  17882.55  21227.78  24557.17  27878.64  31479.42  35302.53  28.38786  50.63517  78.85654  113.2012  154.5228  201.0188  254.9658  314.4181
rx11cr0030  60.46009  1115  3.00  4.00  5.00  6.00  7.00  8.00  9.00  10.00  3479.782  5350.165  7396.767  9724.868  12338.74  15307.64  18678.16  22467.11  28.49383  50.50982  78.79555  113.3782  154.2296  201.2036  254.8015  314.4615
rx11cr0030  60.63989  1133  3.00  4.00  5.00  6.00  7.00  8.00  9.00  10.00  3554.117  5618.105  7902.769  10419.82  13159.17  16425.97  19938.27  23861.98  28.51794  50.3778  78.80711  113.5595  154.0881  201.2909  254.5853  314.5337
rx11cr0030  63.9079  1227  3.00  4.00  5.00  6.00  7.00  8.00  9.00  10.00  92389.52  123864.2  145705.8  160803.9  171799.4  180263.1  187464.  193846.6  28.42618  50.53287  78.82711  113.1339  154.3656  201.2038  254.8049  314.3762
rx11cr0030  63.62885  1234  3.00  4.00  5.00  6.00  7.00  8.00  9.00  10.00  88773.47  120263.5  142748.5  158212.6  169147.4  177730.  184880.5  191337.  28.51301  50.36647  78.81525  113.5431  154.1092  201.2769  254.6098  314.5197
rx11cr0031  55.44006  1243  3.00  4.00  5.00  6.00  7.00  8.00  9.00  10.00  10143.12  14449.  18291.71  21839.56  25147.79  28582.19  32082.13  35831.48  28.69662  50.46961  78.67098  113.623  153.805  201.6415  254.543  314.4755
rx11cr0031  56.74183  1255  3.00  4.00  5.00  6.00  7.00  8.00  9.00  10.00  9887.238  14252.38  18041.17  21488.68  24866.53  28182.69  31754.03  35479.82  28.39563  50.6403  78.85371  112.9938  154.5118  201.0409  254.9499  314.2567
rx11cr0031  57.75571  1122  3.00  4.00  5.00  6.00  7.00  8.00  9.00  10.00  3166.789  4991.821  7010.871  9221.962  11809.93  14623.13  17862.31  21440.56  28.38965  50.65076  78.85591  112.9807  154.5301  201.0278  254.968  314.2378
rx11cr0031  56.22948  1113  3.00  4.00  5.00  6.00  7.00  8.00  9.00  10.00  3387.976  5403.052  7599.325  10032.66  12708.09  15721.79  19050.78  22787.95  28.6246  50.56575  78.76852  113.4255  154.0896  201.5482  254.5935  314.3082
rx11cr0031  62.23102  1225  3.00  4.00  5.00  6.00  7.00  8.00  9.00  10.00  89946.41  123087.  147439.8  164803.1  177190.  187061.2  195092.5  202221.3  28.55164  50.45014  78.75196  113.5964  153.9726  201.4077  254.5336  314.5711
rx11cr0031  60.9723  1234  3.00  4.00  5.00  6.00  7.00  8.00  9.00  10.00  89734.91  123044.  147945.6  165996.5  178760.3  188917.7  197025.  204183.9  28.64318  50.46407  78.67952  113.6563  153.8427  201.5538  254.5312  314.5136
rx11cr0032  56.6747  1245  3.00  4.00  5.00  6.00  7.00  8.00  9.00  10.00  9290.729  13663.24  17630.54  21295.53  24718.08  28226.46  31810.27  35611.29  28.56004  50.45424  78.7411  113.6224  153.9452  201.4318  254.4935  314.5912
rx11cr0032  56.97602  1251  3.00  4.00  5.00  6.00  7.00  8.00  9.00  10.00  9270.2  13722.12  17711.11  21396.44  24954.21  28407.21  32072.47  35869.38  28.44889  50.61029  78.82109  113.2286  154.4558  201.1789  254.8909  314.3818
rx11cr0032  58.5118  1093  3.00  4.00  5.00  6.00  7.00  8.00  9.00  10.00  3115.396  5000.474  7065.852  9359.091  11921.81  14807.71  18047.55  21667.94  28.61106  50.57513  78.7737  113.3906  154.1469  201.4862  254.6399  314.3001
rx11cr0032  57.95969  1097  3.00  4.00  5.00  6.00  7.00  8.00  9.00  10.00  3373.593  5402.501  7698.524  10246.07  12986.41  16082.25  19480.38  23354.37  28.5751  50.46024  78.72827  113.6311  153.9178  201.4582  254.5078  314.5739
rx11cr0032  63.24596  1206  3.00  4.00  5.00  6.00  7.00  8.00  9.00  10.00  80465.06  114598.2  140836.1  160071.9  174072.2  184830.2  193590.2  201093.2  28.48787  50.55208  78.80305  113.3795  154.1981  201.2536  254.7495  314.5103
rx11cr0032  62.54465  1243  3.00  4.00  5.00  6.00  7.00  8.00  9.00  10.00  81096.64  115541.3  142668.4  162627.8  177403.6  188701.  197719.1  205593.  28.60288  50.57225  78.81682  113.3054  154.1477  201.4255  254.7458  314.4261
